8.000e+00	7.371e+00	5.938e+00	5.599e+00	5.049e+00	4.805e+00	4.018e+00	3.833e+00	1.794e+00	8.552e-02
8.000e+00	6.266e+00	4.339e+00	3.190e+00	2.127e+00	2.067e+00	1.655e+00	8.056e-01	6.710e-01	1.260e-01
8.000e+00	7.530e+00	6.685e+00	5.563e+00	4.622e+00	4.448e+00	3.496e+00	3.092e+00	1.415e+00	1.314e+00
8.000e+00	7.649e+00	7.246e+00	5.377e+00	5.216e+00	2.399e+00	2.271e+00	1.779e+00	1.732e+00	2.352e-01
8.000e+00	7.704e+00	7.459e+00	6.123e+00	5.778e+00	5.552e+00	4.964e+00	3.331e+00	2.251e+00	3.369e-01
8.000e+00	6.718e+00	6.616e+00	5.968e+00	5.685e+00	4.326e+00	1.897e+00	1.333e+00	6.613e-01	2.448e-01
8.000e+00	6.776e+00	6.579e+00	6.247e+00	5.773e+00	3.172e+00	3.133e+00	2.729e+00	2.237e+00	1.137e+00
8.000e+00	5.325e+00	4.638e+00	4.631e+00	3.968e+00	2.897e+00	1.684e+00	1.589e+00	5.805e-01	5.161e-01
8.000e+00	7.789e+00	7.496e+00	6.531e+00	5.535e+00	4.857e+00	4.715e+00	4.673e+00	3.725e+00	1.257e+00
8.000e+00	7.522e+00	6.608e+00	6.520e+00	5.788e+00	4.790e+00	4.147e+00	3.802e+00	3.127e+00	7.765e-01
8.000e+00	6.687e+00	6.452e+00	5.027e+00	4.148e+00	3.824e+00	3.158e+00	2.338e+00	1.876e+00	6.391e-01
8.000e+00	5.377e+00	4.832e+00	4.631e+00	4.440e+00	3.939e+00	3.920e+00	3.669e+00	3.352e+00	3.099e+00
8.000e+00	7.591e+00	5.152e+00	4.286e+00	2.863e+00	1.757e+00	8.022e-01	5.642e-01	7.099e-02	2.858e-02
8.000e+00	7.264e+00	7.150e+00	5.010e+00	4.475e+00	2.467e+00	2.145e+00	1.817e+00	1.787e+00	2.147e-01
8.000e+00	6.328e+00	5.549e+00	5.035e+00	4.630e+00	4.301e+00	3.295e+00	2.334e+00	2.159e+00	1.968e+00
8.000e+00	5.377e+00	4.744e+00	4.544e+00	3.724e+00	3.108e+00	2.923e+00	2.847e+00	2.189e+00	4.737e-03
8.000e+00	7.333e+00	5.708e+00	5.330e+00	5.245e+00	4.202e+00	4.178e+00	3.022e+00	1.596e+00	1.584e+00
8.000e+00	7.699e+00	7.507e+00	5.766e+00	5.110e+00	3.016e+00	2.828e+00	1.506e+00	1.186e+00	3.154e-01
8.000e+00	6.516e+00	6.370e+00	6.180e+00	6.163e+00	4.945e+00	3.351e+00	3.098e+00	1.194e+00	9.115e-01
8.000e+00	7.496e+00	7.265e+00	7.261e+00	6.863e+00	6.150e+00	4.512e+00	4.350e+00	4.105e+00	1.082e+00
8.000e+00	6.472e+00	6.447e+00	5.756e+00	5.387e+00	4.250e+00	3.731e+00	3.264e+00	1.455e+00	1.295e+00
8.000e+00	7.325e+00	5.313e+00	4.461e+00	3.488e+00	1.947e+00	1.910e+00	1.737e+00	9.356e-01	1.216e-01
8.000e+00	6.841e+00	5.018e+00	4.748e+00	4.319e+00	1.895e+00	1.783e+00	1.659e+00	1.199e+00	1.170e+00
8.000e+00	6.714e+00	5.688e+00	5.328e+00	4.153e+00	3.087e+00	2.586e+00	1.653e+00	1.078e+00	3.760e-01
8.000e+00	3.978e+00	3.924e+00	3.913e+00	3.312e+00	3.087e+00	3.033e+00	2.095e+00	1.502e+00	1.483e-02
8.000e+00	6.187e+00	5.824e+00	4.706e+00	2.823e+00	2.403e+00	2.134e+00	2.032e+00	7.117e-01	6.157e-01
8.000e+00	7.725e+00	7.518e+00	7.412e+00	5.883e+00	3.573e+00	2.625e+00	1.949e+00	1.537e-01	4.153e-02
8.000e+00	7.650e+00	5.903e+00	5.202e+00	2.227e+00	1.897e+00	1.381e+00	1.281e+00	7.487e-01	4.749e-01
8.000e+00	7.450e+00	5.677e+00	4.026e+00	3.866e+00	3.639e+00	3.028e+00	2.847e+00	2.753e+00	1.482e+00
8.000e+00	7.423e+00	6.910e+00	5.376e+00	4.681e+00	4.670e+00	4.661e+00	3.411e+00	8.258e-01	7.773e-01
8.000e+00	7.748e+00	6.115e+00	3.888e+00	3.001e+00	1.563e+00	8.396e-01	7.859e-01	1.967e-01	9.264e-02
8.000e+00	6.735e+00	5.952e+00	5.857e+00	5.197e+00	2.175e+00	1.805e+00	1.349e+00	7.352e-01	6.357e-01
8.000e+00	6.915e+00	4.923e+00	4.527e+00	4.322e+00	3.756e+00	3.431e+00	1.262e+00	1.098e+00	2.189e-02
8.000e+00	7.795e+00	6.986e+00	6.125e+00	5.370e+00	5.195e+00	4.300e+00	2.445e+00	1.086e+00	6.743e-01
8.000e+00	7.670e+00	6.491e+00	5.270e+00	5.106e+00	4.366e+00	2.404e+00	2.117e+00	6.316e-01	5.299e-01
8.000e+00	6.899e+00	6.284e+00	4.695e+00	3.918e+00	2.868e+00	2.719e+00	1.052e+00	5.818e-01	3.013e-01
8.000e+00	5.644e+00	5.361e+00	3.977e+00	3.632e+00	2.586e+00	2.155e+00	1.809e+00	7.095e-01	1.237e-01
8.000e+00	7.190e+00	6.602e+00	5.298e+00	5.034e+00	4.444e+00	4.306e+00	1.941e+00	5.446e-01	2.158e-01
8.000e+00	6.843e+00	6.191e+00	5.707e+00	5.479e+00	5.118e+00	3.896e+00	3.673e+00	3.364e+00	4.634e-01
8.000e+00	6.527e+00	4.890e+00	4.197e+00	4.140e+00	2.974e+00	2.395e+00	1.884e+00	1.582e+00	1.130e+00
8.000e+00	7.383e+00	6.595e+00	6.299e+00	5.799e+00	5.130e+00	4.578e+00	2.303e+00	9.887e-01	1.041e-01
8.000e+00	6.338e+00	5.684e+00	5.222e+00	5.066e+00	4.014e+00	3.461e+00	2.346e+00	1.849e+00	2.229e-01
8.000e+00	7.289e+00	5.759e+00	4.638e+00	3.582e+00	3.131e+00	2.384e+00	1.704e+00	1.320e+00	6.342e-01
8.000e+00	7.605e+00	5.751e+00	5.626e+00	5.397e+00	5.029e+00	4.743e+00	1.156e+00	4.701e-01	3.377e-01
8.000e+00	4.651e+00	3.342e+00	3.335e+00	2.747e+00	1.959e+00	1.874e+00	8.610e-01	8.594e-01	1.090e-02
8.000e+00	6.161e+00	5.455e+00	5.362e+00	4.463e+00	4.026e+00	3.376e+00	2.978e+00	7.595e-01	1.036e-01
8.000e+00	7.509e+00	7.410e+00	6.673e+00	6.100e+00	4.063e+00	3.784e+00	3.702e+00	3.132e+00	2.806e+00
8.000e+00	7.135e+00	6.841e+00	4.965e+00	4.955e+00	4.048e+00	2.942e+00	2.849e+00	1.675e+00	7.631e-01
8.000e+00	7.287e+00	5.580e+00	5.049e+00	3.876e+00	2.484e+00	2.460e+00	9.679e-01	6.615e-01	6.571e-01
8.000e+00	6.647e+00	6.611e+00	5.476e+00	5.267e+00	4.624e+00	3.210e+00	2.897e+00	1.853e+00	2.155e-01
8.000e+00	7.606e+00	7.420e+00	6.092e+00	6.092e+00	5.456e+00	2.461e+00	1.415e+00	8.050e-01	7.374e-02
8.000e+00	6.795e+00	5.820e+00	5.394e+00	5.296e+00	3.318e+00	1.451e+00	1.278e+00	4.109e-01	2.002e-01
8.000e+00	7.567e+00	6.902e+00	6.787e+00	6.627e+00	6.475e+00	5.242e+00	4.822e+00	4.562e+00	4.255e+00
8.000e+00	6.596e+00	5.678e+00	5.591e+00	4.739e+00	3.066e+00	2.457e+00	2.396e+00	9.124e-01	4.107e-01
8.000e+00	7.064e+00	5.968e+00	5.183e+00	4.153e+00	3.372e+00	3.158e+00	1.902e+00	7.736e-01	7.130e-02
8.000e+00	7.577e+00	6.727e+00	6.688e+00	6.178e+00	5.278e+00	4.298e+00	2.949e+00	1.845e+00	1.285e+00
8.000e+00	5.244e+00	3.918e+00	3.344e+00	3.272e+00	1.556e+00	1.276e+00	8.778e-01	8.399e-01	2.899e-01
8.000e+00	7.044e+00	6.982e+00	6.909e+00	4.535e+00	3.895e+00	3.883e+00	2.632e+00	2.100e+00	1.093e+00
8.000e+00	6.734e+00	6.495e+00	6.439e+00	6.287e+00	3.883e+00	3.493e+00	2.032e+00	1.007e+00	6.380e-01
8.000e+00	6.704e+00	6.231e+00	5.709e+00	5.498e+00	4.701e+00	4.671e+00	3.966e+00	2.596e+00	2.147e+00
8.000e+00	7.186e+00	6.334e+00	6.310e+00	5.738e+00	3.836e+00	3.707e+00	2.881e+00	2.334e+00	1.194e-01
8.000e+00	7.783e+00	6.956e+00	6.412e+00	5.417e+00	4.532e+00	3.820e+00	2.237e+00	1.542e+00	9.225e-01
8.000e+00	7.682e+00	7.569e+00	7.439e+00	6.184e+00	5.231e+00	3.384e+00	3.211e+00	2.610e+00	2.205e+00
8.000e+00	6.427e+00	5.102e+00	4.527e+00	4.176e+00	3.665e+00	3.293e+00	2.584e+00	2.454e+00	1.403e+00
8.000e+00	7.069e+00	4.119e+00	4.101e+00	3.366e+00	2.467e+00	1.478e+00	1.059e+00	5.299e-01	4.537e-01
8.000e+00	7.721e+00	7.172e+00	5.826e+00	2.967e+00	2.528e+00	7.417e-01	4.651e-01	4.132e-01	1.099e-02
8.000e+00	6.738e+00	6.605e+00	5.688e+00	4.685e+00	3.729e+00	3.448e+00	1.491e+00	1.401e+00	8.651e-01
8.000e+00	7.498e+00	4.576e+00	4.144e+00	3.597e+00	2.917e+00	2.518e+00	2.084e+00	1.817e+00	1.742e+00
8.000e+00	7.745e+00	5.518e+00	5.373e+00	3.675e+00	1.569e+00	1.313e+00	9.526e-01	6.038e-01	5.348e-02
8.000e+00	7.796e+00	7.320e+00	6.109e+00	5.397e+00	4.800e+00	3.989e+00	1.908e+00	1.300e+00	9.735e-01
8.000e+00	7.624e+00	7.040e+00	6.250e+00	5.127e+00	5.067e+00	3.280e+00	2.892e+00	1.630e+00	4.218e-01
8.000e+00	7.774e+00	4.744e+00	4.535e+00	3.951e+00	3.942e+00	2.323e+00	1.967e+00	1.613e+00	4.451e-01
8.000e+00	7.799e+00	6.568e+00	6.389e+00	6.013e+00	4.700e+00	4.593e+00	3.510e+00	3.408e+00	2.414e+00
8.000e+00	6.584e+00	5.511e+00	4.423e+00	4.042e+00	3.803e+00	2.160e+00	2.156e+00	2.105e+00	1.209e+00
8.000e+00	6.766e+00	5.721e+00	4.991e+00	4.294e+00	4.282e+00	3.980e+00	3.724e+00	3.276e+00	2.737e+00
8.000e+00	5.422e+00	5.065e+00	3.509e+00	3.250e+00	2.467e+00	1.992e+00	1.564e+00	1.046e+00	1.957e-01
8.000e+00	6.970e+00	5.549e+00	5.381e+00	5.089e+00	4.464e+00	3.714e+00	2.263e+00	1.064e+00	1.225e-01
8.000e+00	6.213e+00	6.017e+00	5.691e+00	4.044e+00	3.525e+00	3.236e+00	1.733e+00	1.598e+00	8.752e-01
8.000e+00	6.920e+00	6.454e+00	6.145e+00	6.008e+00	4.094e+00	2.733e+00	2.009e+00	1.256e+00	3.065e-01
8.000e+00	6.975e+00	4.597e+00	3.186e+00	2.992e+00	2.381e+00	2.222e+00	9.219e-01	8.121e-01	7.983e-01
8.000e+00	7.434e+00	6.410e+00	6.056e+00	5.838e+00	5.261e+00	3.461e+00	2.598e+00	5.837e-01	1.786e-03
8.000e+00	7.749e+00	7.467e+00	7.417e+00	4.648e+00	3.948e+00	3.250e+00	2.844e+00	2.140e+00	2.015e+00
8.000e+00	6.664e+00	6.013e+00	5.998e+00	5.193e+00	4.422e+00	3.652e+00	3.461e+00	2.081e+00	1.186e+00
8.000e+00	7.738e+00	6.997e+00	4.661e+00	4.582e+00	3.828e+00	3.649e+00	3.592e+00	1.847e+00	3.624e-01
8.000e+00	7.112e+00	5.888e+00	4.908e+00	4.414e+00	2.707e+00	1.819e+00	1.412e+00	9.881e-01	6.567e-01
8.000e+00	4.238e+00	4.206e+00	2.584e+00	2.339e+00	2.295e+00	1.823e+00	1.338e+00	8.838e-01	2.776e-01
8.000e+00	7.374e+00	7.156e+00	6.352e+00	6.062e+00	5.072e+00	4.130e+00	1.434e+00	1.246e+00	1.177e+00
8.000e+00	7.283e+00	6.618e+00	6.018e+00	5.867e+00	5.390e+00	3.500e+00	2.735e+00	1.789e+00	1.223e+00
8.000e+00	7.014e+00	6.294e+00	6.080e+00	5.033e+00	4.220e+00	3.912e+00	2.457e+00	2.444e+00	1.775e+00
8.000e+00	7.735e+00	7.503e+00	5.571e+00	5.218e+00	5.133e+00	4.871e+00	4.155e+00	1.870e+00	1.617e+00
8.000e+00	7.001e+00	6.630e+00	6.430e+00	5.930e+00	4.353e+00	3.265e+00	2.142e+00	2.052e+00	2.011e+00
8.000e+00	6.246e+00	5.705e+00	5.285e+00	4.337e+00	2.494e+00	2.010e+00	1.192e+00	1.121e+00	1.267e-01
8.000e+00	6.132e+00	5.588e+00	5.093e+00	4.855e+00	4.375e+00	4.314e+00	3.395e+00	2.487e+00	8.428e-01
8.000e+00	6.097e+00	5.793e+00	4.633e+00	2.938e+00	2.723e+00	2.467e+00	1.286e+00	9.112e-01	6.544e-01
8.000e+00	5.955e+00	5.723e+00	5.570e+00	5.475e+00	4.833e+00	3.361e+00	3.325e+00	2.299e+00	7.732e-01
8.000e+00	7.642e+00	6.086e+00	4.418e+00	4.084e+00	3.969e+00	3.928e+00	3.759e+00	3.722e+00	2.787e+00
8.000e+00	7.555e+00	6.674e+00	6.558e+00	5.457e+00	4.928e+00	2.846e+00	2.367e+00	6.533e-01	6.115e-01
8.000e+00	7.504e+00	7.323e+00	6.214e+00	5.851e+00	5.043e+00	4.588e+00	3.821e+00	2.875e+00	2.560e+00
8.000e+00	7.424e+00	6.849e+00	6.312e+00	3.752e+00	2.724e+00	2.697e+00	1.626e+00	1.591e+00	8.992e-02
8.000e+00	6.813e+00	5.222e+00	4.973e+00	4.414e+00	3.120e+00	2.484e+00	1.838e+00	9.780e-01	5.185e-02
8.000e+00	7.766e+00	7.593e+00	6.851e+00	6.529e+00	6.393e+00	5.981e+00	5.009e+00	4.648e+00	3.070e+00
8.000e+00	7.722e+00	7.346e+00	6.698e+00	4.999e+00	3.618e+00	3.326e+00	2.258e+00	1.867e+00	1.564e+00
8.000e+00	7.474e+00	7.300e+00	6.520e+00	4.631e+00	4.197e+00	2.652e+00	2.585e+00	1.148e+00	1.018e+00
8.000e+00	7.406e+00	7.245e+00	6.183e+00	4.506e+00	4.278e+00	2.559e+00	1.534e+00	1.453e+00	1.128e-01
8.000e+00	6.747e+00	6.413e+00	6.208e+00	5.891e+00	5.828e+00	4.893e+00	4.569e+00	4.425e+00	3.057e+00
8.000e+00	7.236e+00	7.129e+00	6.962e+00	2.859e+00	2.696e+00	2.558e+00	2.228e+00	2.213e+00	1.337e+00
8.000e+00	7.033e+00	6.799e+00	5.434e+00	4.271e+00	2.224e+00	1.979e+00	1.363e+00	1.283e+00	7.164e-01
8.000e+00	6.122e+00	5.638e+00	5.475e+00	5.169e+00	5.079e+00	4.641e+00	2.975e+00	1.076e+00	5.777e-02
8.000e+00	7.722e+00	7.518e+00	6.557e+00	6.187e+00	5.305e+00	4.818e+00	4.156e+00	3.276e+00	1.399e+00
8.000e+00	6.942e+00	6.457e+00	6.345e+00	5.038e+00	4.351e+00	4.094e+00	1.405e+00	1.007e+00	8.434e-01
8.000e+00	7.734e+00	6.331e+00	6.155e+00	6.039e+00	4.358e+00	2.764e+00	2.648e+00	2.525e+00	6.716e-01
8.000e+00	6.209e+00	6.063e+00	5.999e+00	5.373e+00	2.780e+00	2.060e+00	4.878e-01	3.565e-01	1.473e-02
8.000e+00	7.546e+00	7.401e+00	6.926e+00	5.355e+00	5.312e+00	4.331e+00	3.758e+00	1.754e+00	5.636e-01
8.000e+00	6.326e+00	5.606e+00	4.700e+00	2.928e+00	2.786e+00	2.664e+00	1.660e+00	1.342e+00	9.511e-01
8.000e+00	6.858e+00	5.392e+00	5.288e+00	4.821e+00	4.809e+00	3.572e+00	3.067e+00	2.063e+00	7.371e-01
8.000e+00	7.489e+00	7.310e+00	5.825e+00	5.363e+00	4.547e+00	4.513e+00	2.881e+00	3.544e-01	1.626e-01
8.000e+00	7.723e+00	7.147e+00	6.944e+00	6.931e+00	4.550e+00	2.924e+00	2.919e+00	2.331e+00	1.527e+00
8.000e+00	5.442e+00	4.981e+00	3.921e+00	3.026e+00	2.881e+00	2.706e+00	2.639e+00	1.657e+00	3.232e-01
8.000e+00	7.080e+00	4.670e+00	3.887e+00	2.597e+00	2.064e+00	1.053e+00	8.787e-01	8.297e-01	5.801e-02
8.000e+00	7.103e+00	5.755e+00	5.226e+00	2.948e+00	2.660e+00	1.431e+00	8.917e-01	4.336e-01	1.622e-01
8.000e+00	7.709e+00	6.364e+00	5.590e+00	5.391e+00	3.751e+00	9.460e-01	5.983e-01	4.787e-01	1.057e-01
8.000e+00	7.577e+00	6.921e+00	6.217e+00	5.853e+00	5.060e+00	4.703e+00	4.531e+00	5.218e-01	3.889e-01
8.000e+00	7.636e+00	6.873e+00	4.121e+00	4.119e+00	3.584e+00	3.055e+00	2.832e+00	9.693e-01	9.608e-01
8.000e+00	6.410e+00	6.399e+00	6.008e+00	3.439e+00	3.399e+00	2.859e+00	1.186e+00	9.237e-01	3.386e-01
8.000e+00	7.177e+00	6.908e+00	5.285e+00	5.148e+00	5.104e+00	3.419e+00	2.601e+00	2.237e+00	1.659e+00
8.000e+00	7.336e+00	6.833e+00	6.471e+00	5.587e+00	5.467e+00	3.953e+00	1.752e+00	1.657e+00	1.466e+00
8.000e+00	7.710e+00	7.409e+00	4.519e+00	3.673e+00	3.045e+00	2.923e+00	2.456e+00	2.232e+00	4.174e-01
8.000e+00	5.728e+00	4.973e+00	3.810e+00	3.672e+00	2.759e+00	2.549e+00	2.386e+00	1.351e+00	1.286e+00
8.000e+00	7.682e+00	6.852e+00	6.182e+00	5.312e+00	5.034e+00	3.793e+00	2.850e+00	1.785e+00	9.736e-01
8.000e+00	6.356e+00	6.319e+00	5.787e+00	4.688e+00	3.900e+00	3.594e+00	3.189e+00	2.188e+00	2.528e-02
8.000e+00	6.447e+00	5.492e+00	4.933e+00	3.363e+00	3.284e+00	2.278e+00	1.790e+00	1.775e+00	1.151e+00
8.000e+00	7.659e+00	7.153e+00	6.621e+00	6.406e+00	4.863e+00	4.151e+00	3.416e+00	1.674e+00	1.479e+00
8.000e+00	6.458e+00	6.395e+00	6.329e+00	4.806e+00	4.467e+00	4.334e+00	3.924e+00	2.962e+00	4.822e-01
8.000e+00	7.019e+00	6.404e+00	6.369e+00	5.775e+00	4.972e+00	3.727e+00	2.361e+00	1.923e+00	2.271e-01
8.000e+00	7.729e+00	6.574e+00	3.665e+00	2.741e+00	1.584e+00	1.269e+00	1.115e+00	3.248e-01	5.796e-02
8.000e+00	7.362e+00	6.794e+00	6.247e+00	5.714e+00	4.695e+00	2.386e+00	1.678e+00	1.497e+00	7.125e-01
8.000e+00	7.224e+00	6.919e+00	5.330e+00	4.179e+00	2.856e+00	2.591e+00	2.296e+00	4.442e-01	4.259e-01
8.000e+00	6.546e+00	5.844e+00	5.091e+00	4.560e+00	3.311e+00	2.564e+00	2.307e+00	2.124e+00	2.052e+00
8.000e+00	7.377e+00	7.368e+00	7.154e+00	6.637e+00	4.999e+00	4.871e+00	4.681e+00	2.932e+00	9.316e-01
8.000e+00	6.889e+00	6.290e+00	5.519e+00	4.012e+00	3.312e+00	2.310e+00	2.171e+00	1.729e+00	8.634e-01
8.000e+00	6.685e+00	6.582e+00	6.492e+00	5.821e+00	5.025e+00	4.714e+00	4.212e+00	3.405e+00	2.609e+00
8.000e+00	7.676e+00	6.907e+00	6.443e+00	4.569e+00	3.774e+00	3.657e+00	3.134e+00	1.726e+00	1.718e+00
8.000e+00	6.725e+00	6.288e+00	5.854e+00	4.113e+00	2.645e+00	1.858e+00	1.649e+00	1.199e+00	3.211e-01
8.000e+00	6.965e+00	6.376e+00	5.937e+00	5.794e+00	4.775e+00	4.413e+00	2.861e+00	2.670e-01	2.402e-01
8.000e+00	7.286e+00	6.683e+00	6.427e+00	5.038e+00	4.985e+00	2.721e+00	2.650e+00	2.609e+00	1.075e+00
8.000e+00	6.786e+00	6.580e+00	6.521e+00	5.984e+00	5.811e+00	3.434e+00	3.296e+00	2.470e+00	7.085e-02
8.000e+00	6.895e+00	6.727e+00	5.585e+00	4.641e+00	3.500e+00	2.557e+00	2.348e+00	1.666e+00	3.334e-01
8.000e+00	7.617e+00	7.142e+00	5.896e+00	5.859e+00	5.605e+00	4.524e+00	3.018e+00	1.717e+00	4.012e-01
8.000e+00	7.754e+00	7.617e+00	7.078e+00	6.811e+00	5.285e+00	5.205e+00	3.798e+00	2.832e+00	2.141e+00
8.000e+00	6.851e+00	6.411e+00	6.339e+00	5.723e+00	5.389e+00	4.676e+00	3.900e+00	2.401e+00	2.052e+00
8.000e+00	7.208e+00	6.002e+00	5.617e+00	4.595e+00	3.795e+00	3.430e+00	2.182e+00	1.798e+00	8.808e-01
8.000e+00	7.616e+00	5.341e+00	4.999e+00	4.475e+00	4.366e+00	3.960e+00	2.493e+00	8.793e-01	7.881e-01
8.000e+00	5.382e+00	5.318e+00	4.689e+00	3.397e+00	3.179e+00	2.564e+00	1.912e+00	1.256e+00	8.637e-01
8.000e+00	6.011e+00	4.903e+00	4.850e+00	4.401e+00	4.062e+00	3.081e+00	1.407e+00	1.079e+00	9.084e-03
8.000e+00	6.111e+00	4.897e+00	4.497e+00	4.006e+00	3.769e+00	2.924e+00	2.873e+00	2.349e+00	3.098e-01
8.000e+00	6.837e+00	5.965e+00	4.786e+00	4.164e+00	4.099e+00	2.000e+00	1.781e+00	1.533e+00	6.241e-01
8.000e+00	7.296e+00	7.208e+00	6.305e+00	5.776e+00	4.673e+00	4.398e+00	4.085e+00	1.389e+00	1.338e+00
8.000e+00	7.554e+00	5.761e+00	4.700e+00	4.211e+00	2.284e+00	1.843e+00	1.130e+00	9.253e-01	8.314e-01
8.000e+00	6.314e+00	5.372e+00	5.022e+00	2.535e+00	2.492e+00	2.419e+00	1.388e+00	6.848e-01	7.528e-02
8.000e+00	7.454e+00	6.918e+00	6.765e+00	6.579e+00	5.026e+00	4.507e+00	3.043e+00	1.708e+00	9.211e-01
8.000e+00	7.584e+00	7.549e+00	7.169e+00	5.091e+00	4.206e+00	4.136e+00	2.686e+00	2.663e+00	1.477e+00
8.000e+00	7.134e+00	6.415e+00	6.054e+00	5.904e+00	4.205e+00	3.954e+00	2.220e+00	5.263e-01	1.412e-01
8.000e+00	7.371e+00	6.382e+00	5.868e+00	5.700e+00	4.143e+00	3.672e+00	2.374e+00	2.335e+00	1.427e+00
8.000e+00	7.661e+00	7.246e+00	7.201e+00	3.804e+00	3.240e+00	3.132e+00	1.370e+00	1.012e+00	6.955e-01
8.000e+00	7.786e+00	7.782e+00	7.708e+00	6.233e+00	3.263e+00	3.030e+00	2.694e+00	2.370e+00	1.382e+00
8.000e+00	7.457e+00	7.133e+00	4.198e+00	3.516e+00	2.988e+00	2.224e+00	1.235e+00	1.001e+00	4.923e-01
8.000e+00	7.498e+00	6.809e+00	5.156e+00	5.116e+00	4.655e+00	4.136e+00	3.269e+00	2.642e+00	6.091e-01
8.000e+00	7.702e+00	7.418e+00	4.822e+00	4.604e+00	4.417e+00	3.797e+00	3.418e+00	1.799e-01	4.573e-02
8.000e+00	7.137e+00	6.635e+00	5.499e+00	5.374e+00	4.789e+00	3.831e+00	1.252e+00	1.237e+00	9.219e-02
8.000e+00	6.812e+00	6.562e+00	5.267e+00	4.377e+00	3.950e+00	3.415e+00	1.903e+00	1.230e+00	8.977e-01
8.000e+00	7.522e+00	6.455e+00	6.343e+00	5.942e+00	5.921e+00	5.617e+00	2.981e+00	2.049e+00	1.559e+00
8.000e+00	6.249e+00	5.045e+00	4.387e+00	4.292e+00	3.802e+00	3.118e+00	8.016e-01	2.858e-01	5.170e-02
8.000e+00	7.072e+00	5.999e+00	5.149e+00	4.415e+00	4.105e+00	1.594e+00	1.148e+00	3.221e-01	6.048e-02
8.000e+00	7.410e+00	7.246e+00	7.071e+00	5.032e+00	4.466e+00	3.643e+00	3.573e+00	9.185e-01	6.388e-01
8.000e+00	7.735e+00	7.689e+00	6.170e+00	5.809e+00	5.527e+00	3.178e+00	2.767e+00	1.190e+00	5.395e-01
8.000e+00	6.413e+00	5.649e+00	5.523e+00	5.480e+00	5.456e+00	3.769e+00	3.064e+00	1.638e+00	2.659e-01
8.000e+00	7.346e+00	7.299e+00	6.251e+00	5.322e+00	4.702e+00	4.276e+00	4.083e+00	7.124e-01	6.048e-02
8.000e+00	7.221e+00	6.359e+00	3.800e+00	2.135e+00	1.992e+00	1.638e+00	8.806e-01	4.334e-01	4.191e-01
8.000e+00	6.395e+00	4.875e+00	4.767e+00	4.765e+00	3.681e+00	3.103e+00	2.479e+00	2.096e+00	1.467e+00
8.000e+00	7.351e+00	6.852e+00	6.754e+00	6.074e+00	5.820e+00	5.661e+00	5.069e+00	1.201e+00	5.099e-03
8.000e+00	7.620e+00	7.562e+00	5.580e+00	5.482e+00	4.352e+00	3.830e+00	3.784e+00	1.112e+00	1.037e+00
8.000e+00	7.588e+00	6.281e+00	5.883e+00	5.347e+00	3.933e+00	3.279e+00	2.993e+00	2.317e+00	1.455e+00
8.000e+00	7.116e+00	7.086e+00	6.696e+00	6.162e+00	5.510e+00	4.839e+00	3.273e+00	1.443e+00	3.393e-01
8.000e+00	7.625e+00	7.491e+00	3.844e+00	3.374e+00	2.974e+00	1.971e+00	1.781e+00	1.603e+00	1.492e+00
8.000e+00	7.672e+00	7.570e+00	5.255e+00	4.873e+00	2.515e+00	1.987e+00	1.860e+00	1.009e+00	8.888e-01
8.000e+00	7.363e+00	5.768e+00	5.478e+00	5.029e+00	4.325e+00	3.171e+00	2.615e+00	1.993e+00	8.697e-01
8.000e+00	7.445e+00	5.936e+00	4.907e+00	4.870e+00	4.220e+00	1.202e+00	1.147e+00	7.259e-01	1.710e-01
8.000e+00	5.844e+00	5.755e+00	5.131e+00	4.235e+00	3.839e+00	3.766e+00	2.434e+00	1.315e+00	1.075e+00
8.000e+00	7.580e+00	6.683e+00	6.476e+00	6.323e+00	5.499e+00	2.707e+00	2.397e+00	2.260e+00	8.210e-01
8.000e+00	7.650e+00	7.469e+00	6.517e+00	6.325e+00	6.006e+00	5.512e+00	4.573e+00	2.988e+00	1.108e+00
8.000e+00	7.786e+00	7.464e+00	6.720e+00	6.464e+00	6.443e+00	4.340e+00	2.083e+00	1.857e+00	1.420e+00
8.000e+00	7.603e+00	5.673e+00	4.133e+00	3.388e+00	2.978e+00	2.220e+00	4.058e-01	3.963e-01	2.516e-02
8.000e+00	7.348e+00	5.990e+00	5.914e+00	5.421e+00	5.011e+00	4.557e+00	4.424e+00	2.671e+00	2.213e+00
8.000e+00	7.617e+00	7.037e+00	6.952e+00	6.410e+00	5.740e+00	3.745e+00	2.834e+00	1.303e+00	3.928e-01
8.000e+00	7.264e+00	6.618e+00	5.961e+00	5.227e+00	4.357e+00	3.704e+00	2.246e+00	2.202e+00	1.416e+00
8.000e+00	7.084e+00	4.344e+00	3.311e+00	1.532e+00	1.173e+00	5.055e-01	4.252e-01	2.380e-01	1.999e-01
8.000e+00	7.161e+00	6.902e+00	5.524e+00	5.081e+00	3.537e+00	5.315e-01	5.228e-01	3.641e-01	1.552e-01
8.000e+00	7.639e+00	7.456e+00	5.122e+00	4.393e+00	4.274e+00	3.559e+00	2.882e+00	2.614e+00	1.083e+00
8.000e+00	6.886e+00	6.735e+00	5.997e+00	5.583e+00	4.138e+00	2.682e+00	2.535e+00	1.497e+00	1.370e+00
8.000e+00	7.752e+00	7.250e+00	6.749e+00	6.062e+00	3.129e+00	2.859e+00	1.528e+00	1.066e+00	9.745e-01
8.000e+00	6.675e+00	6.140e+00	5.743e+00	4.767e+00	3.243e+00	2.946e+00	1.676e+00	1.613e+00	7.394e-01
8.000e+00	7.588e+00	6.093e+00	5.762e+00	4.382e+00	3.247e+00	3.149e+00	2.643e+00	1.710e-01	1.478e-02
8.000e+00	7.316e+00	6.585e+00	3.795e+00	3.724e+00	3.176e+00	1.166e+00	1.131e+00	7.279e-01	4.805e-01
8.000e+00	6.704e+00	6.303e+00	6.293e+00	5.873e+00	5.698e+00	3.998e+00	3.769e+00	2.676e+00	1.011e-01
8.000e+00	7.568e+00	7.391e+00	7.275e+00	5.820e+00	5.213e+00	2.893e+00	1.727e+00	9.576e-01	8.757e-01
8.000e+00	6.430e+00	5.538e+00	4.782e+00	4.656e+00	3.035e+00	2.486e+00	2.106e+00	1.378e+00	1.093e+00
8.000e+00	6.963e+00	6.394e+00	6.085e+00	5.689e+00	4.699e+00	4.516e+00	2.499e+00	2.274e+00	1.733e-01
8.000e+00	7.690e+00	6.327e+00	5.591e+00	4.061e+00	3.558e+00	3.518e+00	2.680e+00	1.592e+00	4.578e-01
8.000e+00	7.286e+00	5.939e+00	5.911e+00	5.203e+00	4.892e+00	3.068e+00	1.765e+00	1.575e+00	4.508e-01
8.000e+00	7.515e+00	7.311e+00	6.452e+00	6.290e+00	4.714e+00	3.393e+00	3.282e+00	3.267e+00	3.167e+00
8.000e+00	7.276e+00	7.118e+00	5.923e+00	5.503e+00	3.913e+00	2.992e+00	2.401e+00	1.931e+00	4.204e-01
8.000e+00	6.504e+00	4.572e+00	3.878e+00	3.005e+00	2.508e+00	2.298e+00	1.864e+00	1.552e+00	2.877e-01
8.000e+00	7.127e+00	6.509e+00	6.215e+00	2.893e+00	1.993e+00	1.504e+00	1.487e+00	1.212e+00	1.631e-01
8.000e+00	7.710e+00	7.586e+00	7.271e+00	5.948e+00	5.844e+00	4.688e+00	3.004e+00	9.253e-01	8.753e-01
8.000e+00	6.681e+00	6.376e+00	4.628e+00	3.147e+00	2.754e+00	1.769e+00	1.148e+00	3.331e-01	1.193e-01
8.000e+00	6.986e+00	5.934e+00	4.913e+00	4.777e+00	4.163e+00	3.305e+00	2.722e+00	6.863e-01	1.554e-01
8.000e+00	7.494e+00	5.730e+00	5.690e+00	5.504e+00	4.897e+00	4.380e+00	3.306e+00	2.561e+00	1.925e-01
8.000e+00	7.304e+00	6.505e+00	6.455e+00	6.346e+00	6.280e+00	4.069e+00	2.556e+00	1.732e+00	9.439e-01
8.000e+00	7.784e+00	7.608e+00	6.459e+00	6.427e+00	6.077e+00	2.346e+00	1.906e+00	1.736e+00	1.239e-01
8.000e+00	5.773e+00	5.329e+00	5.148e+00	4.935e+00	3.028e+00	2.897e+00	1.020e+00	8.693e-01	4.918e-01
8.000e+00	7.632e+00	7.292e+00	7.243e+00	6.441e+00	5.420e+00	3.950e+00	2.739e+00	1.168e+00	1.032e+00
8.000e+00	6.465e+00	5.619e+00	4.826e+00	4.396e+00	3.682e+00	3.540e+00	1.874e+00	7.850e-01	3.088e-01
8.000e+00	6.209e+00	5.669e+00	5.223e+00	4.897e+00	4.544e+00	2.380e+00	1.992e+00	1.876e+00	1.032e+00
8.000e+00	6.218e+00	4.716e+00	3.793e+00	3.001e+00	2.551e+00	2.431e+00	2.322e+00	2.110e+00	2.248e-01
8.000e+00	5.603e+00	5.519e+00	4.962e+00	4.778e+00	4.486e+00	2.676e+00	2.525e+00	1.728e+00	5.139e-01
8.000e+00	7.281e+00	7.200e+00	6.172e+00	5.651e+00	5.586e+00	5.021e+00	1.775e+00	1.141e+00	3.127e-01
8.000e+00	7.739e+00	4.816e+00	4.643e+00	2.797e+00	2.378e+00	2.365e+00	1.194e+00	5.918e-01	2.866e-01
8.000e+00	6.425e+00	6.132e+00	3.333e+00	3.050e+00	2.303e+00	1.481e+00	1.277e+00	1.274e+00	1.142e+00
8.000e+00	7.798e+00	7.653e+00	6.571e+00	6.152e+00	4.096e+00	3.631e+00	2.930e+00	2.738e-01	8.259e-02
8.000e+00	7.049e+00	6.593e+00	4.440e+00	3.070e+00	2.541e+00	1.909e+00	1.009e+00	1.058e-01	1.105e-02
8.000e+00	5.794e+00	4.919e+00	4.690e+00	4.423e+00	4.104e+00	3.301e+00	2.006e+00	2.306e-01	9.077e-04
8.000e+00	7.686e+00	6.689e+00	5.609e+00	4.704e+00	2.994e+00	2.878e+00	2.579e+00	2.399e+00	1.107e+00
8.000e+00	6.796e+00	5.935e+00	3.885e+00	3.267e+00	3.264e+00	2.421e+00	5.993e-01	4.019e-01	2.012e-01
8.000e+00	6.563e+00	5.810e+00	5.381e+00	5.117e+00	2.132e+00	1.817e+00	1.280e+00	5.200e-01	4.914e-01
8.000e+00	7.318e+00	6.883e+00	6.182e+00	4.937e+00	2.613e+00	1.827e+00	1.316e+00	1.247e+00	3.638e-01
8.000e+00	7.014e+00	5.453e+00	3.996e+00	3.903e+00	3.862e+00	3.686e+00	9.381e-01	4.713e-01	3.169e-01
8.000e+00	7.673e+00	5.617e+00	5.542e+00	4.709e+00	4.557e+00	7.448e-01	6.951e-01	3.873e-01	2.305e-01
8.000e+00	7.506e+00	6.857e+00	6.359e+00	4.434e+00	3.672e+00	2.766e+00	1.856e+00	6.881e-01	4.812e-01
8.000e+00	7.631e+00	4.566e+00	3.567e+00	3.271e+00	3.018e+00	1.669e+00	1.443e+00	1.388e+00	2.381e-01
8.000e+00	7.722e+00	6.795e+00	6.035e+00	5.458e+00	4.122e+00	2.247e+00	1.505e+00	1.065e+00	8.681e-01
8.000e+00	6.678e+00	4.795e+00	4.731e+00	3.823e+00	3.270e+00	2.207e+00	1.431e+00	5.336e-01	1.165e-01
8.000e+00	7.673e+00	6.726e+00	5.760e+00	4.187e+00	3.881e+00	2.479e+00	2.230e+00	2.164e+00	1.231e+00
8.000e+00	5.829e+00	4.639e+00	4.421e+00	3.425e+00	3.257e+00	2.170e+00	1.212e+00	7.600e-01	7.476e-01
8.000e+00	6.525e+00	6.281e+00	5.754e+00	4.736e+00	2.812e+00	2.607e+00	2.274e+00	1.237e+00	2.959e-01
8.000e+00	6.952e+00	6.109e+00	5.917e+00	5.796e+00	4.690e+00	4.619e+00	2.737e+00	1.264e+00	4.765e-01
8.000e+00	6.566e+00	6.500e+00	5.844e+00	3.659e+00	3.001e+00	2.015e+00	1.282e+00	8.406e-01	2.167e-01
8.000e+00	6.434e+00	6.393e+00	4.487e+00	4.276e+00	3.914e+00	3.858e+00	2.002e+00	1.181e+00	8.734e-01
8.000e+00	7.731e+00	6.709e+00	6.535e+00	6.297e+00	6.205e+00	3.323e+00	3.156e+00	2.630e+00	1.177e+00
8.000e+00	7.641e+00	6.982e+00	6.273e+00	5.983e+00	5.369e+00	4.549e+00	4.468e+00	3.714e+00	5.721e-01
8.000e+00	7.270e+00	6.817e+00	3.839e+00	3.591e+00	2.187e+00	1.534e+00	6.511e-01	4.671e-01	4.089e-01
8.000e+00	6.426e+00	6.372e+00	5.192e+00	3.121e+00	2.754e+00	2.635e+00	1.881e+00	1.456e+00	3.119e-01
8.000e+00	7.275e+00	7.152e+00	7.086e+00	5.579e+00	4.882e+00	4.092e+00	3.943e+00	9.308e-01	2.242e-01
8.000e+00	7.717e+00	7.039e+00	6.702e+00	5.339e+00	4.944e+00	4.745e+00	3.709e+00	3.346e+00	1.128e+00
8.000e+00	7.691e+00	6.983e+00	5.956e+00	5.409e+00	5.080e+00	3.600e+00	3.150e+00	1.521e+00	1.855e-01
8.000e+00	7.537e+00	7.339e+00	7.173e+00	7.062e+00	4.493e+00	4.262e+00	2.636e+00	1.529e+00	1.287e+00
8.000e+00	7.221e+00	7.028e+00	4.555e+00	4.464e+00	4.379e+00	3.045e+00	2.987e+00	2.083e+00	7.386e-01
8.000e+00	7.399e+00	6.980e+00	5.509e+00	5.443e+00	5.132e+00	5.117e+00	4.583e+00	3.765e+00	2.634e+00
8.000e+00	6.059e+00	5.799e+00	5.401e+00	5.322e+00	4.017e+00	3.284e+00	3.131e+00	2.096e+00	1.972e+00
8.000e+00	6.597e+00	4.954e+00	4.818e+00	3.770e+00	2.803e+00	2.385e+00	1.702e+00	1.508e+00	1.243e+00
8.000e+00	7.394e+00	6.142e+00	4.628e+00	3.467e+00	2.631e+00	2.454e+00	1.980e+00	1.973e+00	1.706e+00
8.000e+00	7.663e+00	7.633e+00	4.257e+00	3.438e+00	2.953e+00	2.134e+00	1.461e+00	2.280e-01	8.371e-02
8.000e+00	7.523e+00	7.511e+00	7.381e+00	6.818e+00	6.688e+00	5.129e+00	2.817e+00	2.179e+00	1.618e+00
8.000e+00	6.676e+00	6.671e+00	6.325e+00	5.805e+00	5.777e+00	2.614e+00	2.532e+00	2.477e+00	2.372e+00
8.000e+00	5.168e+00	4.680e+00	4.653e+00	3.916e+00	3.017e+00	2.322e+00	1.175e+00	9.358e-01	5.128e-01
8.000e+00	6.237e+00	5.681e+00	5.609e+00	4.546e+00	3.216e+00	3.205e+00	2.012e+00	1.694e+00	1.645e+00
8.000e+00	7.268e+00	6.947e+00	6.585e+00	6.405e+00	5.941e+00	5.920e+00	3.126e+00	3.055e+00	1.143e+00
8.000e+00	7.738e+00	6.828e+00	5.339e+00	4.266e+00	4.034e+00	3.990e+00	3.568e+00	3.256e+00	3.072e+00
8.000e+00	7.701e+00	7.605e+00	6.821e+00	5.799e+00	5.606e+00	4.800e+00	4.420e+00	2.963e+00	2.327e+00
8.000e+00	6.908e+00	6.318e+00	5.214e+00	5.114e+00	4.995e+00	4.289e+00	1.519e+00	1.023e+00	1.014e+00
8.000e+00	6.647e+00	6.518e+00	6.473e+00	4.734e+00	4.098e+00	2.213e+00	1.901e+00	1.570e+00	2.572e-01
8.000e+00	6.385e+00	5.703e+00	5.514e+00	5.448e+00	4.483e+00	3.933e+00	3.371e+00	1.706e+00	1.659e+00
8.000e+00	7.736e+00	7.449e+00	7.289e+00	6.865e+00	6.844e+00	6.653e+00	4.376e+00	2.084e+00	1.774e+00
8.000e+00	7.485e+00	7.183e+00	5.836e+00	5.642e+00	5.193e+00	4.847e+00	3.746e+00	2.833e+00	1.553e+00
8.000e+00	7.716e+00	7.011e+00	5.444e+00	3.712e+00	3.439e+00	3.002e+00	2.973e+00	2.914e+00	2.830e+00
8.000e+00	7.229e+00	7.065e+00	5.871e+00	5.653e+00	4.676e+00	3.723e+00	1.226e+00	1.184e+00	2.359e-01
8.000e+00	7.753e+00	7.457e+00	6.908e+00	5.069e+00	4.067e+00	2.843e+00	2.736e+00	1.687e+00	6.983e-01
8.000e+00	5.503e+00	5.302e+00	4.946e+00	4.576e+00	4.176e+00	3.857e+00	3.213e+00	1.324e+00	2.343e-01
8.000e+00	7.611e+00	6.739e+00	5.535e+00	4.082e+00	3.874e+00	3.162e+00	3.064e+00	2.342e+00	5.518e-01
8.000e+00	6.756e+00	6.151e+00	5.740e+00	5.147e+00	5.105e+00	3.887e+00	2.750e+00	1.176e+00	1.188e-01
8.000e+00	6.851e+00	6.843e+00	5.989e+00	5.965e+00	4.055e+00	3.837e+00	3.562e+00	1.655e+00	1.692e-01
8.000e+00	7.776e+00	6.922e+00	6.352e+00	5.962e+00	5.121e+00	3.803e+00	3.082e+00	2.832e+00	3.362e-01
8.000e+00	7.560e+00	7.162e+00	4.755e+00	4.152e+00	2.391e+00	2.071e+00	1.052e+00	8.319e-01	4.933e-01
8.000e+00	7.544e+00	7.092e+00	6.172e+00	4.338e+00	4.144e+00	3.546e+00	2.391e+00	1.521e+00	3.646e-01
8.000e+00	6.889e+00	6.407e+00	5.215e+00	4.929e+00	3.794e+00	2.254e+00	1.211e+00	8.362e-01	2.198e-01
8.000e+00	7.441e+00	7.110e+00	6.635e+00	5.598e+00	4.771e+00	3.762e+00	2.257e+00	1.862e+00	1.401e+00
8.000e+00	7.739e+00	5.806e+00	5.760e+00	5.571e+00	3.826e+00	3.128e+00	2.789e+00	1.059e+00	6.551e-01
8.000e+00	7.531e+00	5.687e+00	4.722e+00	4.274e+00	3.108e+00	2.764e+00	2.272e+00	1.042e+00	8.591e-01
8.000e+00	6.442e+00	6.296e+00	5.847e+00	5.667e+00	5.332e+00	4.861e+00	2.344e+00	2.006e+00	1.610e+00
8.000e+00	6.901e+00	5.501e+00	5.378e+00	5.059e+00	4.044e+00	4.041e+00	2.953e+00	2.642e+00	1.110e+00
8.000e+00	6.855e+00	5.653e+00	4.796e+00	4.454e+00	4.359e+00	4.234e+00	4.031e+00	1.769e+00	4.405e-01
8.000e+00	7.562e+00	4.201e+00	4.135e+00	3.815e+00	2.211e+00	1.777e+00	1.638e+00	1.516e+00	1.491e+00
8.000e+00	7.463e+00	6.188e+00	5.287e+00	4.803e+00	4.390e+00	3.468e+00	3.273e+00	3.157e+00	2.632e+00
8.000e+00	6.902e+00	4.592e+00	4.424e+00	3.682e+00	1.918e+00	1.409e+00	1.316e+00	1.026e+00	8.214e-01
8.000e+00	7.051e+00	6.528e+00	5.711e+00	5.657e+00	5.335e+00	4.210e+00	2.453e+00	1.988e+00	1.251e+00
8.000e+00	4.745e+00	4.344e+00	4.317e+00	4.074e+00	3.562e+00	3.445e+00	3.322e+00	2.959e+00	2.305e+00
8.000e+00	7.714e+00	6.507e+00	4.309e+00	2.580e+00	1.876e+00	1.380e+00	9.703e-01	6.586e-01	2.930e-02
8.000e+00	6.993e+00	6.689e+00	6.477e+00	6.157e+00	5.506e+00	4.486e+00	8.096e-01	7.116e-01	3.527e-01
8.000e+00	6.538e+00	5.602e+00	5.038e+00	2.859e+00	1.219e+00	9.179e-01	3.544e-01	1.031e-01	9.254e-02
8.000e+00	7.755e+00	7.202e+00	6.546e+00	5.538e+00	5.359e+00	4.480e+00	4.466e+00	4.291e+00	2.224e-01
8.000e+00	7.002e+00	6.347e+00	4.102e+00	3.597e+00	3.318e+00	3.128e+00	2.940e+00	1.501e+00	1.288e+00
8.000e+00	6.044e+00	5.993e+00	5.991e+00	5.517e+00	4.709e+00	4.494e+00	4.065e+00	1.025e+00	8.942e-01
8.000e+00	7.671e+00	7.626e+00	4.541e+00	3.129e+00	3.096e+00	2.548e+00	2.090e+00	1.705e+00	1.547e+00
8.000e+00	7.607e+00	5.968e+00	5.501e+00	4.947e+00	4.930e+00	3.049e+00	1.768e+00	1.756e+00	3.630e-01
8.000e+00	7.489e+00	5.538e+00	4.449e+00	3.064e+00	2.803e+00	2.445e+00	2.004e+00	1.679e+00	3.045e-01
8.000e+00	7.130e+00	6.293e+00	6.204e+00	3.385e+00	3.100e+00	2.556e+00	1.696e+00	1.374e+00	7.739e-01
8.000e+00	7.638e+00	7.424e+00	5.026e+00	4.362e+00	4.031e+00	2.849e+00	2.448e+00	2.360e+00	2.194e+00
8.000e+00	7.746e+00	7.359e+00	7.269e+00	6.565e+00	6.127e+00	5.642e+00	4.657e+00	3.185e+00	2.204e+00
8.000e+00	7.213e+00	6.413e+00	3.957e+00	2.749e+00	2.684e+00	2.321e+00	1.381e+00	4.152e-01	3.972e-01
8.000e+00	4.915e+00	4.610e+00	4.594e+00	3.895e+00	3.318e+00	2.677e+00	2.553e+00	1.483e+00	8.720e-02
8.000e+00	6.907e+00	6.687e+00	5.827e+00	5.720e+00	4.223e+00	3.996e+00	1.346e+00	6.506e-01	1.617e-02
8.000e+00	4.674e+00	2.838e+00	1.865e+00	1.624e+00	1.441e+00	4.368e-01	3.926e-01	2.242e-01	1.537e-01
8.000e+00	7.243e+00	5.503e+00	4.264e+00	2.735e+00	2.164e+00	1.408e+00	7.231e-01	4.952e-01	3.125e-01
8.000e+00	7.679e+00	7.465e+00	6.448e+00	6.026e+00	5.375e+00	4.173e+00	2.736e+00	1.140e+00	1.029e+00
8.000e+00	7.283e+00	7.029e+00	6.880e+00	5.250e+00	4.951e+00	3.466e+00	2.097e+00	1.846e+00	5.766e-01
8.000e+00	6.858e+00	5.827e+00	4.057e+00	2.976e+00	2.688e+00	1.859e+00	1.843e+00	1.110e+00	1.383e-03
8.000e+00	6.575e+00	5.043e+00	4.075e+00	3.396e+00	2.886e+00	2.886e+00	2.415e+00	1.689e+00	1.991e-01
8.000e+00	7.760e+00	7.521e+00	7.290e+00	6.305e+00	5.444e+00	4.358e+00	4.014e+00	2.397e+00	8.702e-02
8.000e+00	5.002e+00	4.264e+00	3.801e+00	3.602e+00	1.751e+00	6.270e-01	4.959e-01	4.526e-01	1.649e-01
8.000e+00	7.617e+00	6.957e+00	6.045e+00	3.878e+00	3.772e+00	3.207e+00	1.990e+00	4.799e-01	4.407e-01
8.000e+00	7.358e+00	6.373e+00	4.544e+00	2.795e+00	2.541e+00	1.044e+00	9.767e-01	5.286e-01	2.574e-01
8.000e+00	7.216e+00	6.783e+00	5.885e+00	5.019e+00	4.707e+00	4.693e+00	2.017e+00	1.670e+00	4.978e-01
8.000e+00	7.375e+00	7.353e+00	4.644e+00	4.192e+00	3.902e+00	3.258e+00	2.836e+00	2.372e+00	5.208e-01
8.000e+00	7.651e+00	7.181e+00	6.902e+00	6.883e+00	5.680e+00	5.208e+00	3.673e+00	3.152e+00	5.108e-01
8.000e+00	6.785e+00	5.412e+00	4.671e+00	3.092e+00	2.299e+00	2.048e+00	1.581e+00	1.350e+00	1.147e+00
8.000e+00	6.308e+00	6.185e+00	6.168e+00	5.949e+00	3.142e+00	3.046e+00	2.602e+00	2.063e+00	1.068e+00
8.000e+00	7.191e+00	6.398e+00	6.321e+00	6.161e+00	5.258e+00	4.461e+00	3.836e+00	1.557e+00	4.853e-01
8.000e+00	7.722e+00	7.700e+00	7.673e+00	7.577e+00	7.338e+00	7.189e+00	6.519e+00	1.672e+00	5.386e-02
8.000e+00	4.737e+00	4.493e+00	4.157e+00	2.773e+00	2.149e+00	1.996e+00	1.459e+00	4.459e-01	1.102e-01
8.000e+00	7.080e+00	6.290e+00	4.529e+00	4.104e+00	3.304e+00	3.067e+00	2.148e+00	1.910e+00	3.819e-01
8.000e+00	6.866e+00	6.724e+00	4.715e+00	3.903e+00	3.588e+00	3.455e+00	3.020e+00	1.071e+00	4.683e-01
8.000e+00	7.735e+00	5.643e+00	5.068e+00	4.425e+00	4.198e+00	3.767e+00	1.424e+00	4.272e-01	3.084e-01
8.000e+00	5.391e+00	5.205e+00	4.315e+00	2.722e+00	2.561e+00	1.639e+00	9.446e-01	9.707e-02	3.910e-03
8.000e+00	7.198e+00	6.855e+00	6.590e+00	5.823e+00	4.882e+00	3.764e+00	3.019e+00	2.633e+00	2.146e+00
8.000e+00	5.639e+00	5.108e+00	4.871e+00	4.321e+00	4.132e+00	3.895e+00	3.738e+00	2.921e+00	7.403e-02
8.000e+00	7.672e+00	7.268e+00	4.439e+00	2.922e+00	1.721e+00	1.533e+00	1.124e+00	1.052e+00	6.360e-01
8.000e+00	6.599e+00	6.286e+00	5.739e+00	4.538e+00	3.412e+00	3.350e+00	2.441e+00	2.195e+00	9.968e-01
8.000e+00	7.702e+00	6.962e+00	5.771e+00	5.525e+00	4.598e+00	3.827e+00	3.593e+00	2.335e+00	4.999e-01
8.000e+00	7.554e+00	6.388e+00	5.983e+00	5.805e+00	5.740e+00	4.873e+00	3.342e+00	1.765e+00	6.607e-01
8.000e+00	7.325e+00	6.784e+00	6.772e+00	6.771e+00	5.460e+00	4.485e+00	4.075e+00	6.647e-01	6.014e-01
8.000e+00	7.081e+00	6.179e+00	5.921e+00	4.900e+00	3.416e+00	2.188e+00	2.089e+00	1.896e+00	1.124e+00
8.000e+00	7.697e+00	7.261e+00	6.981e+00	6.126e+00	5.001e+00	2.679e+00	2.285e+00	1.804e+00	1.021e+00
8.000e+00	7.249e+00	6.774e+00	5.689e+00	4.055e+00	3.948e+00	2.902e+00	1.548e+00	8.447e-02	5.763e-02
8.000e+00	7.204e+00	4.766e+00	3.789e+00	1.784e+00	1.535e+00	1.214e+00	1.003e+00	7.720e-01	1.371e-01
8.000e+00	7.554e+00	7.474e+00	7.131e+00	5.678e+00	5.510e+00	4.431e+00	4.197e+00	3.935e+00	2.223e-01
8.000e+00	7.480e+00	5.612e+00	5.187e+00	4.492e+00	3.557e+00	3.170e+00	2.205e+00	1.788e+00	5.535e-01
8.000e+00	6.419e+00	6.378e+00	6.318e+00	6.305e+00	6.260e+00	4.323e+00	3.672e+00	2.976e+00	7.939e-01
8.000e+00	6.247e+00	5.829e+00	5.783e+00	4.691e+00	4.657e+00	4.643e+00	3.730e+00	2.544e+00	3.877e-02
8.000e+00	7.436e+00	5.953e+00	5.334e+00	4.168e+00	3.279e+00	3.093e+00	2.356e+00	1.031e+00	6.713e-01
8.000e+00	7.056e+00	5.914e+00	5.494e+00	5.265e+00	4.001e+00	3.768e+00	3.623e+00	1.256e+00	7.897e-01
8.000e+00	7.638e+00	7.560e+00	5.132e+00	3.637e+00	3.564e+00	3.498e+00	1.921e+00	6.236e-01	5.677e-02
8.000e+00	7.680e+00	7.365e+00	5.402e+00	4.125e+00	3.269e+00	3.227e+00	3.087e+00	2.756e+00	6.894e-01
8.000e+00	6.230e+00	4.632e+00	4.549e+00	4.489e+00	3.446e+00	2.477e+00	2.440e+00	2.141e+00	2.057e+00
8.000e+00	7.633e+00	6.330e+00	6.204e+00	5.497e+00	5.385e+00	3.283e+00	1.504e+00	1.383e+00	1.355e+00
8.000e+00	7.663e+00	7.468e+00	7.464e+00	7.040e+00	6.016e+00	5.824e+00	4.372e+00	4.144e+00	2.439e-01
8.000e+00	7.667e+00	7.201e+00	5.517e+00	4.593e+00	2.959e+00	2.945e+00	2.723e+00	2.013e+00	5.305e-02
8.000e+00	7.338e+00	6.785e+00	6.329e+00	3.810e+00	3.758e+00	3.722e+00	3.258e+00	8.354e-01	3.747e-01
8.000e+00	6.840e+00	6.203e+00	4.590e+00	4.038e+00	3.797e+00	1.805e+00	1.633e+00	7.975e-01	6.809e-01
8.000e+00	7.779e+00	7.284e+00	7.176e+00	4.003e+00	2.879e+00	2.335e+00	1.596e+00	1.336e+00	8.354e-01
8.000e+00	7.363e+00	5.437e+00	4.733e+00	3.565e+00	3.068e+00	2.696e+00	2.690e+00	1.857e+00	1.008e+00
8.000e+00	7.375e+00	7.365e+00	6.715e+00	5.859e+00	5.108e+00	2.582e+00	1.809e+00	1.783e+00	5.225e-01
8.000e+00	7.614e+00	6.784e+00	6.696e+00	6.460e+00	6.202e+00	4.567e+00	4.110e+00	4.094e+00	2.382e+00
8.000e+00	6.024e+00	5.502e+00	4.085e+00	3.618e+00	2.749e+00	2.411e+00	2.347e+00	2.287e+00	1.997e+00
8.000e+00	7.631e+00	6.170e+00	5.679e+00	2.959e+00	2.861e+00	2.160e+00	1.752e+00	7.266e-01	1.187e-01
8.000e+00	7.096e+00	6.178e+00	4.223e+00	3.852e+00	3.622e+00	3.417e+00	2.878e+00	2.463e+00	9.632e-02
8.000e+00	7.690e+00	7.524e+00	6.839e+00	6.454e+00	3.447e+00	2.173e+00	1.790e+00	8.737e-01	4.230e-01
8.000e+00	7.550e+00	6.316e+00	6.160e+00	4.716e+00	3.634e+00	2.407e+00	2.148e+00	1.404e+00	1.248e+00
8.000e+00	6.995e+00	5.777e+00	4.917e+00	4.766e+00	4.552e+00	3.910e+00	3.532e+00	2.228e+00	1.193e+00
8.000e+00	5.870e+00	4.315e+00	4.268e+00	4.061e+00	3.470e+00	3.121e+00	2.877e+00	1.832e+00	1.787e+00
8.000e+00	5.413e+00	4.784e+00	2.900e+00	2.297e+00	2.145e+00	1.632e+00	9.318e-01	6.169e-01	5.996e-02
8.000e+00	6.090e+00	5.610e+00	5.497e+00	4.845e+00	3.460e+00	2.447e+00	1.742e+00	1.680e+00	1.618e+00
8.000e+00	7.154e+00	6.737e+00	6.284e+00	4.938e+00	4.428e+00	3.748e+00	2.014e+00	1.093e+00	7.811e-01
8.000e+00	6.455e+00	5.658e+00	5.242e+00	4.689e+00	4.343e+00	3.765e+00	2.176e+00	9.507e-01	5.274e-01
8.000e+00	5.568e+00	5.462e+00	4.857e+00	4.045e+00	3.875e+00	3.593e+00	3.538e+00	1.584e+00	2.592e-01
8.000e+00	7.138e+00	6.755e+00	3.552e+00	3.196e+00	3.085e+00	2.570e+00	2.127e+00	1.502e+00	6.691e-01
8.000e+00	7.498e+00	6.628e+00	4.989e+00	4.386e+00	4.082e+00	4.011e+00	3.261e+00	8.778e-01	6.388e-01
8.000e+00	6.453e+00	5.143e+00	3.374e+00	2.603e+00	2.538e+00	1.691e+00	1.434e+00	1.171e+00	2.501e-01
8.000e+00	5.418e+00	4.423e+00	4.070e+00	3.959e+00	3.253e+00	3.128e+00	1.596e+00	9.257e-01	4.278e-01
8.000e+00	6.864e+00	6.615e+00	5.315e+00	5.171e+00	4.809e+00	4.660e+00	4.118e+00	1.039e+00	1.475e-01
8.000e+00	6.766e+00	6.441e+00	6.144e+00	5.074e+00	4.123e+00	3.691e+00	2.712e+00	1.144e+00	6.827e-01
8.000e+00	7.146e+00	5.779e+00	5.444e+00	5.165e+00	4.301e+00	3.958e+00	2.247e+00	1.760e+00	3.790e-01
8.000e+00	6.227e+00	5.331e+00	5.126e+00	2.559e+00	2.060e+00	1.583e+00	1.582e+00	2.310e-01	1.594e-01
8.000e+00	6.184e+00	5.800e+00	4.917e+00	4.538e+00	3.574e+00	3.251e+00	3.017e+00	2.732e+00	1.521e+00
8.000e+00	6.439e+00	4.951e+00	3.944e+00	3.758e+00	3.027e+00	1.487e+00	1.140e+00	9.834e-01	8.315e-03
8.000e+00	7.768e+00	7.493e+00	3.990e+00	2.759e+00	1.925e+00	1.582e+00	7.952e-01	6.961e-01	6.101e-01
8.000e+00	6.871e+00	6.069e+00	4.976e+00	4.143e+00	3.844e+00	3.614e+00	3.034e+00	1.657e+00	1.566e+00
8.000e+00	7.328e+00	5.666e+00	4.851e+00	4.287e+00	3.846e+00	1.714e+00	1.195e+00	1.167e+00	1.054e+00
8.000e+00	6.747e+00	6.628e+00	6.386e+00	5.802e+00	4.870e+00	4.765e+00	3.711e+00	1.340e+00	8.436e-01
8.000e+00	6.295e+00	4.603e+00	4.522e+00	3.109e+00	1.843e+00	1.370e+00	1.257e+00	8.861e-01	7.731e-01
8.000e+00	7.715e+00	6.186e+00	5.004e+00	4.797e+00	4.469e+00	4.050e+00	2.683e+00	1.363e+00	9.715e-01
8.000e+00	7.222e+00	6.341e+00	5.429e+00	4.202e+00	3.050e+00	1.976e+00	1.586e+00	7.685e-01	6.994e-01
8.000e+00	6.420e+00	5.383e+00	4.459e+00	3.726e+00	2.911e+00	2.069e+00	1.172e+00	8.413e-01	3.728e-01
8.000e+00	7.503e+00	6.271e+00	5.988e+00	5.575e+00	5.089e+00	5.051e+00	4.746e+00	3.054e+00	2.348e+00
8.000e+00	7.365e+00	5.914e+00	5.655e+00	3.829e+00	3.180e+00	8.976e-01	8.047e-01	7.108e-01	5.012e-01
8.000e+00	7.227e+00	7.162e+00	7.055e+00	6.191e+00	5.988e+00	3.123e+00	2.553e+00	2.203e+00	2.087e+00
8.000e+00	7.056e+00	6.655e+00	4.563e+00	4.364e+00	3.063e+00	1.355e+00	1.089e+00	7.135e-01	5.881e-01
8.000e+00	7.596e+00	5.724e+00	5.359e+00	4.867e+00	4.189e+00	3.867e+00	3.349e+00	3.163e+00	1.434e+00
8.000e+00	5.932e+00	5.627e+00	5.045e+00	4.877e+00	3.297e+00	3.153e+00	3.133e+00	2.571e+00	3.467e-02
8.000e+00	7.316e+00	7.189e+00	5.982e+00	3.941e+00	3.367e+00	3.202e+00	2.471e+00	1.909e+00	2.562e-01
8.000e+00	7.145e+00	7.034e+00	5.485e+00	5.061e+00	4.273e+00	3.757e+00	1.952e+00	5.691e-01	5.284e-01
8.000e+00	7.131e+00	5.613e+00	4.419e+00	3.317e+00	3.302e+00	2.573e+00	1.002e+00	4.394e-01	2.829e-01
8.000e+00	5.513e+00	4.768e+00	4.545e+00	4.041e+00	3.857e+00	2.455e+00	2.351e+00	2.074e+00	7.707e-01
8.000e+00	5.730e+00	4.186e+00	4.123e+00	3.196e+00	2.506e+00	2.362e+00	2.084e+00	1.490e+00	4.650e-01
8.000e+00	7.005e+00	6.364e+00	6.042e+00	5.867e+00	5.108e+00	3.600e+00	2.743e+00	7.036e-01	4.017e-02
8.000e+00	7.491e+00	6.945e+00	6.409e+00	5.725e+00	5.158e+00	4.553e+00	3.459e+00	3.190e+00	7.109e-01
8.000e+00	7.505e+00	6.252e+00	5.434e+00	5.418e+00	3.825e+00	3.191e+00	2.869e+00	2.457e+00	2.011e+00
8.000e+00	7.792e+00	6.077e+00	5.032e+00	4.946e+00	2.733e+00	1.839e+00	1.760e+00	1.445e+00	6.481e-01
8.000e+00	7.400e+00	6.553e+00	6.455e+00	6.393e+00	6.202e+00	5.981e+00	3.954e+00	2.661e+00	4.443e-01
8.000e+00	7.487e+00	7.139e+00	4.908e+00	4.636e+00	3.267e+00	2.301e+00	1.751e+00	1.453e+00	9.888e-02
8.000e+00	7.689e+00	6.818e+00	6.383e+00	6.349e+00	5.817e+00	4.588e+00	1.608e+00	1.316e+00	7.805e-01
8.000e+00	5.978e+00	5.890e+00	5.762e+00	4.981e+00	3.458e+00	3.242e+00	3.017e+00	2.957e-01	2.409e-01
8.000e+00	7.031e+00	6.764e+00	4.303e+00	3.899e+00	3.591e+00	2.345e+00	1.944e+00	7.094e-01	2.915e-02
8.000e+00	7.681e+00	7.311e+00	7.031e+00	1.968e+00	1.812e+00	1.601e+00	1.566e+00	7.551e-01	1.126e-01
8.000e+00	7.052e+00	6.653e+00	5.859e+00	2.922e+00	2.465e+00	1.227e+00	1.055e+00	8.799e-01	9.682e-02
8.000e+00	7.702e+00	6.391e+00	6.170e+00	6.083e+00	5.540e+00	5.157e+00	2.725e+00	1.113e+00	8.276e-01
8.000e+00	7.567e+00	7.111e+00	5.787e+00	4.819e+00	4.562e+00	3.822e+00	2.712e+00	2.456e+00	8.774e-01
8.000e+00	6.307e+00	5.241e+00	4.587e+00	4.491e+00	3.007e+00	2.236e+00	2.016e+00	1.414e+00	2.704e-01
8.000e+00	7.725e+00	6.644e+00	5.402e+00	4.640e+00	3.845e+00	2.079e+00	1.736e+00	1.151e+00	6.119e-01
8.000e+00	5.075e+00	4.824e+00	3.071e+00	2.177e+00	2.014e+00	1.944e+00	1.852e+00	1.363e+00	4.694e-01
8.000e+00	6.500e+00	5.990e+00	3.770e+00	2.780e+00	2.024e+00	1.692e+00	7.624e-01	2.981e-01	2.021e-01
8.000e+00	7.368e+00	6.308e+00	6.029e+00	5.768e+00	4.129e+00	3.492e+00	2.243e+00	7.074e-01	5.737e-01
8.000e+00	6.740e+00	5.124e+00	4.615e+00	3.725e+00	3.376e+00	1.886e+00	1.687e+00	1.455e+00	1.147e+00
8.000e+00	7.512e+00	6.260e+00	5.768e+00	3.858e+00	2.671e+00	2.620e+00	2.152e+00	7.873e-01	5.150e-01
8.000e+00	7.418e+00	6.987e+00	6.063e+00	5.893e+00	5.191e+00	3.579e+00	3.038e+00	1.333e+00	4.826e-01
8.000e+00	7.427e+00	7.026e+00	6.404e+00	3.918e+00	3.598e+00	2.687e+00	1.155e+00	7.466e-01	6.449e-01
8.000e+00	7.702e+00	4.492e+00	4.442e+00	4.132e+00	2.260e+00	1.286e+00	1.281e+00	1.132e+00	6.667e-02
8.000e+00	7.775e+00	7.255e+00	6.934e+00	6.384e+00	5.867e+00	4.932e+00	3.683e+00	2.119e+00	6.717e-01
8.000e+00	7.358e+00	6.905e+00	6.228e+00	6.204e+00	4.076e+00	2.914e+00	1.818e+00	1.498e+00	2.011e-01
8.000e+00	7.400e+00	6.907e+00	6.763e+00	6.551e+00	6.197e+00	4.875e+00	4.082e+00	2.928e+00	2.470e+00
8.000e+00	7.555e+00	5.104e+00	5.097e+00	3.522e+00	3.204e+00	1.964e+00	7.798e-01	7.648e-01	3.614e-01
8.000e+00	7.484e+00	6.684e+00	6.081e+00	4.617e+00	4.384e+00	4.094e+00	3.460e+00	3.411e+00	2.862e+00
8.000e+00	7.365e+00	7.125e+00	5.009e+00	3.336e+00	3.084e+00	2.567e+00	2.104e+00	1.098e+00	1.062e+00
8.000e+00	7.499e+00	7.396e+00	5.496e+00	5.176e+00	4.729e+00	3.499e+00	7.586e-01	6.784e-01	5.811e-01
8.000e+00	6.421e+00	5.632e+00	5.439e+00	5.133e+00	3.663e+00	2.690e+00	1.947e+00	1.749e+00	1.660e+00
8.000e+00	7.637e+00	5.528e+00	3.687e+00	3.614e+00	3.335e+00	1.942e+00	5.479e-01	4.322e-01	3.070e-01
8.000e+00	7.595e+00	5.819e+00	5.626e+00	4.879e+00	3.719e+00	3.711e+00	2.972e+00	1.320e+00	2.786e-01
8.000e+00	6.691e+00	6.214e+00	4.368e+00	2.796e+00	2.088e+00	1.279e+00	1.019e+00	5.816e-01	3.943e-01
8.000e+00	7.236e+00	6.406e+00	6.369e+00	6.110e+00	5.872e+00	4.051e+00	3.512e+00	2.874e+00	1.892e+00
8.000e+00	6.086e+00	5.246e+00	5.193e+00	5.122e+00	4.741e+00	4.632e+00	3.671e+00	3.117e+00	1.222e+00
8.000e+00	7.532e+00	6.973e+00	4.078e+00	3.961e+00	3.559e+00	3.559e+00	2.503e+00	8.809e-01	4.789e-01
8.000e+00	6.881e+00	6.636e+00	6.138e+00	5.337e+00	5.051e+00	3.867e+00	3.819e+00	3.294e+00	6.430e-01
8.000e+00	5.854e+00	5.517e+00	5.374e+00	3.783e+00	3.577e+00	3.212e+00	2.134e+00	1.497e+00	1.178e+00
8.000e+00	6.739e+00	5.971e+00	3.129e+00	2.807e+00	2.574e+00	2.460e+00	2.318e+00	1.784e+00	3.255e-01
8.000e+00	7.724e+00	7.026e+00	4.535e+00	4.512e+00	3.469e+00	2.511e+00	2.510e+00	7.058e-01	6.322e-01
8.000e+00	7.208e+00	5.380e+00	4.651e+00	3.928e+00	2.749e+00	2.223e+00	1.366e+00	1.054e+00	7.776e-01
8.000e+00	7.560e+00	7.556e+00	7.511e+00	7.456e+00	5.607e+00	3.046e+00	1.551e+00	1.089e+00	7.725e-01
8.000e+00	6.512e+00	6.255e+00	5.383e+00	4.843e+00	3.887e+00	2.995e+00	1.361e+00	9.825e-01	5.476e-01
8.000e+00	7.025e+00	6.442e+00	6.170e+00	4.723e+00	4.492e+00	3.261e+00	2.978e+00	1.857e+00	1.726e+00
8.000e+00	6.708e+00	6.657e+00	5.865e+00	5.753e+00	5.417e+00	2.809e+00	1.623e+00	1.354e+00	6.264e-01
8.000e+00	6.951e+00	6.180e+00	5.758e+00	5.461e+00	4.404e+00	3.846e+00	3.553e+00	1.034e+00	5.796e-01
8.000e+00	7.076e+00	5.289e+00	4.821e+00	4.727e+00	3.442e+00	2.677e+00	2.019e+00	1.935e+00	1.210e+00
8.000e+00	6.182e+00	3.514e+00	3.139e+00	3.113e+00	1.698e+00	1.262e+00	1.206e+00	1.145e+00	2.381e-01
8.000e+00	6.797e+00	4.480e+00	4.374e+00	4.066e+00	3.082e+00	2.488e+00	1.651e+00	1.049e+00	4.591e-02
8.000e+00	7.577e+00	7.377e+00	5.360e+00	5.298e+00	4.892e+00	4.113e+00	2.543e+00	1.802e+00	8.501e-01
8.000e+00	7.318e+00	6.279e+00	5.460e+00	4.887e+00	3.363e+00	2.174e+00	2.066e+00	1.955e+00	1.000e+00
8.000e+00	7.440e+00	7.118e+00	6.923e+00	5.516e+00	4.658e+00	4.300e+00	2.620e+00	1.372e+00	8.779e-01
8.000e+00	7.791e+00	7.630e+00	5.486e+00	5.023e+00	2.981e+00	2.331e+00	2.301e+00	2.270e+00	7.955e-01
8.000e+00	7.390e+00	7.330e+00	6.135e+00	3.807e+00	2.671e+00	2.555e+00	1.778e+00	9.716e-01	3.334e-01
8.000e+00	7.454e+00	6.244e+00	4.697e+00	4.346e+00	2.925e+00	2.460e+00	2.254e+00	1.730e+00	8.375e-01
8.000e+00	7.462e+00	6.702e+00	6.458e+00	5.458e+00	3.400e+00	2.148e+00	1.141e+00	8.924e-01	5.424e-01
8.000e+00	7.759e+00	5.955e+00	3.057e+00	1.259e+00	1.203e+00	9.029e-01	3.677e-01	3.473e-01	1.044e-01
8.000e+00	7.722e+00	4.682e+00	4.452e+00	3.738e+00	3.077e+00	2.392e+00	1.992e+00	1.631e+00	8.199e-01
8.000e+00	7.101e+00	6.153e+00	5.181e+00	5.118e+00	5.002e+00	4.244e+00	4.186e+00	2.891e+00	8.838e-01
8.000e+00	6.729e+00	3.854e+00	2.607e+00	1.955e+00	1.866e+00	1.765e+00	1.553e+00	7.823e-01	1.113e-01
8.000e+00	6.593e+00	5.901e+00	5.537e+00	4.697e+00	4.661e+00	4.533e+00	2.093e+00	1.584e+00	3.491e-01
8.000e+00	7.744e+00	6.218e+00	5.724e+00	4.221e+00	3.574e+00	3.429e+00	2.919e+00	2.325e-01	1.029e-01
8.000e+00	7.672e+00	7.626e+00	7.164e+00	5.864e+00	4.557e+00	3.629e+00	2.753e+00	2.536e+00	1.898e+00
8.000e+00	7.746e+00	7.339e+00	6.936e+00	5.070e+00	4.258e+00	4.176e+00	3.842e+00	1.626e+00	1.664e-01
8.000e+00	5.583e+00	4.656e+00	3.698e+00	3.651e+00	2.974e+00	2.151e+00	2.016e+00	1.218e+00	1.074e+00
8.000e+00	7.592e+00	5.470e+00	5.128e+00	4.863e+00	4.727e+00	4.335e+00	3.252e+00	2.500e+00	1.945e+00
8.000e+00	7.564e+00	6.658e+00	6.487e+00	4.073e+00	2.619e+00	1.881e+00	1.279e+00	1.073e+00	5.171e-01
8.000e+00	7.793e+00	4.186e+00	4.109e+00	3.889e+00	2.460e+00	2.311e+00	2.139e+00	2.074e+00	1.349e+00
8.000e+00	6.776e+00	6.690e+00	6.524e+00	6.104e+00	4.477e+00	3.737e+00	2.856e+00	1.757e+00	1.477e-01
8.000e+00	7.376e+00	6.462e+00	6.155e+00	5.035e+00	5.029e+00	4.420e+00	4.295e+00	2.118e+00	5.142e-01
8.000e+00	4.998e+00	4.996e+00	4.961e+00	4.037e+00	3.768e+00	3.705e+00	2.283e+00	1.510e+00	1.086e+00
8.000e+00	7.472e+00	7.113e+00	5.311e+00	5.180e+00	3.745e+00	3.677e+00	3.539e+00	2.788e+00	5.307e-02
8.000e+00	7.346e+00	7.042e+00	6.789e+00	6.328e+00	5.235e+00	3.488e+00	3.344e+00	2.748e+00	2.546e+00
8.000e+00	7.301e+00	5.759e+00	4.980e+00	4.699e+00	4.693e+00	4.433e+00	2.637e+00	1.414e+00	1.558e-01
8.000e+00	7.077e+00	5.988e+00	4.160e+00	4.001e+00	3.150e+00	2.590e+00	5.241e-01	4.835e-01	4.164e-01
8.000e+00	7.625e+00	7.166e+00	6.895e+00	5.836e+00	4.670e+00	3.487e+00	3.377e+00	2.983e+00	3.728e-01
8.000e+00	7.615e+00	7.458e+00	6.505e+00	5.542e+00	5.492e+00	5.240e+00	3.663e+00	3.383e+00	1.655e+00
8.000e+00	7.662e+00	6.253e+00	6.185e+00	4.820e+00	3.473e+00	3.193e+00	2.512e+00	1.986e+00	2.337e-01
8.000e+00	6.921e+00	3.789e+00	3.283e+00	3.153e+00	2.992e+00	2.350e+00	2.200e+00	1.821e+00	8.800e-02
8.000e+00	5.945e+00	4.993e+00	4.631e+00	4.563e+00	2.732e+00	1.093e+00	6.397e-01	5.402e-01	1.748e-01
8.000e+00	7.507e+00	6.616e+00	6.571e+00	4.992e+00	4.923e+00	4.818e+00	4.636e+00	2.637e+00	1.946e+00
8.000e+00	6.816e+00	5.806e+00	5.287e+00	4.184e+00	3.795e+00	3.457e+00	3.414e+00	1.713e+00	1.090e+00
8.000e+00	7.779e+00	7.505e+00	7.459e+00	5.853e+00	5.407e+00	1.192e+00	8.012e-01	6.833e-01	3.073e-01
8.000e+00	7.276e+00	6.574e+00	5.196e+00	4.556e+00	3.441e+00	2.730e+00	2.646e+00	2.345e+00	1.498e+00
8.000e+00	7.429e+00	7.146e+00	5.101e+00	1.776e+00	1.119e+00	1.002e+00	9.447e-01	3.873e-01	6.861e-02
8.000e+00	7.516e+00	5.496e+00	5.165e+00	4.915e+00	4.840e+00	4.760e+00	2.837e+00	1.862e+00	1.825e+00
8.000e+00	7.673e+00	6.507e+00	5.119e+00	4.916e+00	4.335e+00	3.529e+00	3.371e+00	2.534e+00	2.160e+00
8.000e+00	6.643e+00	6.453e+00	5.912e+00	5.014e+00	4.458e+00	2.720e+00	1.354e+00	4.289e-01	3.105e-02
8.000e+00	7.359e+00	7.147e+00	6.111e+00	5.830e+00	5.679e+00	5.672e+00	4.251e+00	2.041e+00	1.629e+00
8.000e+00	7.683e+00	7.107e+00	6.241e+00	6.105e+00	5.379e+00	4.865e+00	3.782e+00	3.057e+00	1.195e-01
8.000e+00	7.797e+00	5.913e+00	5.794e+00	5.417e+00	4.583e+00	4.058e+00	3.504e+00	3.122e+00	2.895e-01
8.000e+00	7.171e+00	7.002e+00	6.687e+00	5.157e+00	4.433e+00	3.188e+00	2.374e+00	2.300e+00	2.048e+00
8.000e+00	7.709e+00	6.193e+00	5.697e+00	5.326e+00	5.020e+00	4.304e+00	4.232e+00	2.728e+00	7.258e-01
8.000e+00	5.874e+00	4.841e+00	3.735e+00	2.590e+00	1.945e+00	1.930e+00	3.278e-01	3.152e-01	2.432e-01
8.000e+00	7.245e+00	5.600e+00	5.555e+00	5.254e+00	3.486e+00	3.094e+00	2.988e+00	1.702e+00	6.037e-01
8.000e+00	7.001e+00	5.563e+00	5.246e+00	4.205e+00	3.790e+00	2.461e+00	8.531e-01	2.860e-01	2.793e-01
8.000e+00	7.381e+00	7.321e+00	7.190e+00	5.517e+00	4.903e+00	4.009e+00	2.707e+00	1.402e+00	1.316e+00
